whError=0.031999997935999946, apError=0.06060606062534424, svError=0.11046511627906977, niError=1.0, chosen=true
whError=0.10833333511666654, apError=0.4618632142117749, svError=0.45794392523364486, niError=1.0, chosen=false
whError=0.4517241390275861, apError=0.6579657966098029, svError=0.37735849056603776, niError=1.0, chosen=false
