whError=0.030769228707692386, apError=0.052933612045969136, svError=0.21641791044776118, niError=1.0, chosen=true
whError=0.6432432439567567, apError=0.8749540053865145, svError=0.8939393939393939, niError=0.0, chosen=false
