whError=0.001923078919230603, apError=0.09979623130757242, svError=0.057803468208092484, niError=1.0, chosen=true
whError=0.3689655185034483, apError=0.8145008074805067, svError=0.3278688524590164, niError=1.0, chosen=false
