whError=0.03636363829090905, apError=0.15935783477158405, svError=0.10377358490566038, niError=1.0, chosen=true
whError=0.12830188853584912, apError=0.6052961793377414, svError=0.2727272727272727, niError=1.0, chosen=false
whError=0.5666666675333334, apError=0.6850750495916684, svError=0.23076923076923078, niError=1.0, chosen=false
