whError=0.007339447526605536, apError=0.08422333073562949, svError=0.060109289617486336, niError=1.0, chosen=true
whError=0.4857142867428571, apError=0.7246232820316878, svError=0.38888888888888884, niError=1.0, chosen=false
