whError=0.15294117816470576, apError=0.5563148261417805, svError=0.09722222222222221, niError=1.0, chosen=false
whError=0.021538463495384574, apError=0.1508019846375197, svError=0.07547169811320754, niError=1.0, chosen=true
whError=0.5714285722857142, apError=0.750761200553798, svError=0.72, niError=1.0, chosen=false
