whError=0.042307694223076786, apError=0.09622751805247876, svError=0.04216867469879518, niError=1.0, chosen=true
whError=0.6386363643590909, apError=0.9353703811677949, svError=1.2830188679245282, niError=0.0, chosen=false
whError=0.39016393564590157, apError=0.8027995693298093, svError=0.4032258064516129, niError=1.0, chosen=false
