whError=0.01818182014545444, apError=0.05427456061458802, svError=0.08888888888888888, niError=1.0, chosen=true
whError=0.07187500185624995, apError=0.9399203515506791, svError=0.20202020202020202, niError=0.0, chosen=false
whError=0.5909090917272728, apError=0.5942909201626039, svError=0.37777777777777777, niError=1.0, chosen=false
negligible
