whError=0.04705882543529416, apError=0.12153419030205925, svError=0.027777777777777776, niError=1.0, chosen=true
whError=0.15357143026428566, apError=0.5540102181776343, svError=0.16455696202531644, niError=1.0, chosen=false
negligible
whError=0.8114285718057143, apError=1.320936639160656, svError=2.8181818181818183, niError=1.0, chosen=false
