whError=0.040366970396330304, apError=0.10936546676818737, svError=0.1111111111111111, niError=1.0, chosen=true
whError=0.52187500095625, apError=0.7329545454860535, svError=0.3137254901960784, niError=1.0, chosen=false
