whError=0.2098591565098591, apError=0.9718886983032815, svError=0.03743315508021391, niError=0.0, chosen=false
whError=0.137500001725, apError=0.17145856154010164, svError=0.01932367149758454, niError=1.0, chosen=true
whError=0.7923076927230769, apError=0.9444682675804654, svError=0.5925925925925926, niError=0.0, chosen=false
