whError=0.025454543403636398, apError=0.08438783573995678, svError=0.06914893617021277, niError=1.0, chosen=true
whError=0.8046511631813953, apError=1.860597792436979, svError=1.7142857142857144, niError=1.0, chosen=false
