negligible
whError=0.03636363829090905, apError=0.11119563841249458, svError=0.169811320754717, niError=1.0, chosen=true
whError=0.5105263167684211, apError=0.5855434616262525, svError=0.12903225806451613, niError=1.0, chosen=false
whError=0.1461538478615384, apError=0.525844479737559, svError=0.2702702702702703, niError=1.0, chosen=false
