whError=0.04431137915688621, apError=0.05089145769935777, svError=0.04887218045112782, niError=1.0, chosen=true
whError=0.8311111114488888, apError=0.9768550744809936, svError=0.7105263157894737, niError=0.0, chosen=false
whError=0.9326530613591837, apError=0.9795287433151358, svError=1.8181818181818181, niError=0.0, chosen=false
whError=0.6722222228777778, apError=0.9713349713344501, svError=1.423728813559322, niError=0.0, chosen=false
