whError=0.11764706058823515, apError=0.538552144954827, svError=0.02666666666666667, niError=1.0, chosen=false
whError=0.02857143051428568, apError=0.13625949430673057, svError=0.08823529411764705, niError=1.0, chosen=true
whError=0.46857142963428566, apError=0.8738771110653318, svError=0.6451612903225806, niError=1.0, chosen=false
