whError=0.005970147241791013, apError=0.9859278002334767, svError=0.04154302670623146, niError=0.0, chosen=true
whError=0.8342857146171428, apError=0.9666983824922585, svError=1.1724137931034484, niError=0.0, chosen=false
