whError=0.007766988275728082, apError=0.12077517184777076, svError=0.05202312138728323, niError=1.0, chosen=true
whError=0.441379311462069, apError=0.8447012401688272, svError=0.4814814814814815, niError=1.0, chosen=false
