negligible
whError=0.04000000191999986, apError=0.13743221223984525, svError=0.06730769230769232, niError=1.0, chosen=true
whError=0.13461538634615378, apError=0.5637140637424947, svError=0.2, niError=1.0, chosen=false
whError=0.5371428580685713, apError=0.6453265045113488, svError=0.3333333333333333, niError=1.0, chosen=false
