whError=0.034782610626086896, apError=0.19364711723569883, svError=0.009009009009009009, niError=1.0, chosen=true
whError=0.6068965525103448, apError=0.8748561564994508, svError=1.3421052631578947, niError=0.0, chosen=false
whError=0.5945945954054054, apError=0.8658875371179755, svError=0.32, niError=1.0, chosen=false
