whError=0.09130434964347822, apError=0.2256733577711143, svError=0.18660287081339713, niError=1.0, chosen=true
whError=0.1971831001971831, apError=0.9349672271290541, svError=0.5473684210526316, niError=0.0, chosen=false
