whError=0.014285716257142811, apError=0.10068308113314894, svError=0.03260869565217391, niError=1.0, chosen=true
whError=0.08679245065660379, apError=0.9582851121889708, svError=0.125, niError=0.0, chosen=false
whError=0.49705882453529404, apError=0.7806029555305325, svError=0.38596491228070173, niError=1.0, chosen=false
