whError=0.052173914939130484, apError=0.19543954397613073, svError=0.03669724770642202, niError=1.0, chosen=true
whError=0.13214285887857136, apError=0.607524329485672, svError=0.19753086419753085, niError=1.0, chosen=false
whError=0.5421052640736841, apError=0.8556237831698776, svError=0.5517241379310345, niError=1.0, chosen=false
