whError=0.14444444615555552, apError=0.6240687309196709, svError=0.09090909090909091, niError=1.0, chosen=false
whError=0.06769230955692296, apError=0.22373949582056896, svError=0.04950495049504951, niError=1.0, chosen=true
whError=0.48108108211891887, apError=0.9538352273082513, svError=0.5, niError=1.0, chosen=false
