whError=0.0272727292181818, apError=0.16349066372269938, svError=0.08411214953271028, niError=1.0, chosen=true
whError=0.11698113384150943, apError=0.6325361128226932, svError=0.2564102564102564, niError=1.0, chosen=false
whError=0.5783783792216215, apError=0.8609885260345422, svError=0.34615384615384615, niError=0.0, chosen=false
