whError=0.032653059159183595, apError=0.056195287117873916, svError=0.09090909090909091, niError=1.0, chosen=true
whError=0.7983193281344537, apError=1.7113656248007487, svError=1.6749999999999998, niError=1.0, chosen=false
