whError=0.05074627055522385, apError=0.15767244232825162, svError=0.0660377358490566, niError=1.0, chosen=true
whError=0.1396226432301887, apError=0.6353350549603589, svError=0.25, niError=1.0, chosen=false
whError=0.5783783792216215, apError=0.7082327702107316, svError=0.38461538461538464, niError=1.0, chosen=false
