whError=0.1043478278782608, apError=0.2285481178834321, svError=0.21844660194174756, niError=1.0, chosen=true
whError=0.20285714445142855, apError=0.9976319741613062, svError=0.5913978494623655, niError=1.0, chosen=false
