whError=0.030769232707692273, apError=0.08614679091431343, svError=0.02976190476190476, niError=1.0, chosen=true
whError=0.14500000170999994, apError=0.46044413604320855, svError=0.17543859649122806, niError=1.0, chosen=false
whError=0.4380952392190476, apError=0.7675877384080907, svError=0.3389830508474576, niError=1.0, chosen=false
