whError=0.04657534437260269, apError=0.21874462968361286, svError=0.05172413793103448, niError=1.0, chosen=true
negligible
whError=0.5230769240307692, apError=0.958955223916214, svError=0.5161290322580645, niError=1.0, chosen=false
