whError=0.14117647230588226, apError=0.5118313007417388, svError=0.0410958904109589, niError=1.0, chosen=false
whError=0.01562500196874994, apError=0.14975216278286108, svError=0.1142857142857143, niError=1.0, chosen=true
whError=0.5500000008999999, apError=0.9310705741977898, svError=0.8518518518518519, niError=1.0, chosen=false
