whError=0.891489361919149, apError=0.9783147459723442, svError=0.35294117647058826, niError=0.0, chosen=false
whError=0.027184467965048476, apError=0.11807471179293949, svError=0.23952095808383234, niError=1.0, chosen=true
whError=0.3894736854315789, apError=0.8695913998020361, svError=0.7586206896551724, niError=1.0, chosen=false
