whError=0.034782610626086896, apError=0.06303682287841461, svError=0.05405405405405406, niError=1.0, chosen=true
whError=0.21707317229756085, apError=0.46754840610013626, svError=0.34579439252336447, niError=1.0, chosen=false
negligible
whError=0.465217392373913, apError=1.1395848246630962, svError=0.41463414634146345, niError=1.0, chosen=false
