whError=0.10720000178559996, apError=0.5508205038429053, svError=0.05913978494623656, niError=1.0, chosen=false
whError=0.11323529589117642, apError=0.21581206339820724, svError=0.24875621890547264, niError=1.0, chosen=true
whError=0.7873417725772152, apError=0.9310606060593526, svError=1.0357142857142858, niError=0.0, chosen=false
negligible
