whError=0.12477064395229354, apError=0.9697127992438522, svError=0.2138364779874214, niError=0.0, chosen=false
whError=0.04999999790000009, apError=0.06607711183774279, svError=0.10150375939849623, niError=1.0, chosen=true
negligible
