whError=0.09268292864390237, apError=0.5481438354546915, svError=0.06451612903225806, niError=1.0, chosen=false
whError=0.11764706058823515, apError=0.20272428803677167, svError=0.22499999999999998, niError=1.0, chosen=true
whError=0.7873417725772152, apError=0.933796564368609, svError=0.9285714285714286, niError=0.0, chosen=false
negligible
