whError=0.10898203771017967, apError=0.16087456849061188, svError=0.024193548387096774, niError=1.0, chosen=true
whError=0.13191489535319134, apError=0.8566605432044043, svError=0.14705882352941177, niError=1.0, chosen=false
negligible
