whError=0.03461538254615393, apError=0.0372963089491678, svError=0.15613382899628253, niError=1.0, chosen=true
whError=0.7761194034328358, apError=1.9067274926328208, svError=1.7999999999999998, niError=1.0, chosen=false
