whError=0.008955225862686489, apError=0.04970121999250332, svError=0.1325301204819277, niError=1.0, chosen=true
whError=0.3590909103727272, apError=0.7294204758474274, svError=0.23404255319148937, niError=1.0, chosen=false
