whError=0.112000001776, apError=0.9671353755361782, svError=0.021621621621621623, niError=0.0, chosen=false
whError=0.1244444461955555, apError=0.20138405045621033, svError=0.23350253807106597, niError=1.0, chosen=true
whError=0.6720930239116278, apError=0.9090909090892562, svError=1.2553191489361701, niError=0.0, chosen=false
