whError=0.07352941361764698, apError=0.12408630116548092, svError=0.08571428571428572, niError=1.0, chosen=true
whError=0.15555555724444436, apError=0.544615781691417, svError=0.23684210526315788, niError=1.0, chosen=false
whError=0.5621621630378378, apError=0.5802726404732923, svError=0.25925925925925924, niError=1.0, chosen=false
