whError=0.014285716257142811, apError=0.06398378693306817, svError=0.08152173913043478, niError=1.0, chosen=true
whError=0.16153846321538456, apError=0.4794786324173268, svError=0.41284403669724773, niError=1.0, chosen=false
whError=0.5852941184764706, apError=0.9280894886350561, svError=0.44680851063829785, niError=0.0, chosen=false
negligible
