whError=0.03283582282985065, apError=0.1302447552653052, svError=0.06481481481481481, niError=1.0, chosen=true
whError=0.13333333506666667, apError=0.5538767564189753, svError=0.1794871794871795, niError=1.0, chosen=false
whError=0.5783783792216215, apError=0.9246906939200938, svError=0.34615384615384615, niError=0.0, chosen=false
