whError=0.030769232707692273, apError=0.09803779971459559, svError=0.02976190476190476, niError=1.0, chosen=true
whError=0.1525000016949999, apError=0.4620395013573011, svError=0.11504424778761062, niError=1.0, chosen=false
whError=0.4380952392190476, apError=0.7704770477369611, svError=0.4067796610169492, niError=1.0, chosen=false
