whError=0.02857142651428579, apError=0.03944307137645975, svError=0.07666666666666666, niError=1.0, chosen=true
whError=0.13333333506666667, apError=0.9568793489381183, svError=0.26495726495726496, niError=0.0, chosen=false
