whError=0.007272729258181787, apError=0.07396620441620105, svError=0.038461538461538464, niError=1.0, chosen=true
whError=0.7310344832965516, apError=0.9059833561554591, svError=1.1538461538461537, niError=0.0, chosen=false
whError=0.5107692317476923, apError=0.7494011634856683, svError=0.4716981132075472, niError=1.0, chosen=false
