negligible
whError=0.05074627055522385, apError=0.11686494053815122, svError=0.04716981132075472, niError=1.0, chosen=true
whError=0.1396226432301887, apError=0.5414448169609125, svError=0.19736842105263158, niError=1.0, chosen=false
whError=0.5421052640736841, apError=0.5415019763126123, svError=0.3448275862068966, niError=1.0, chosen=false
