whError=0.10361445962409632, apError=0.1635633177992415, svError=0.020161290322580645, niError=1.0, chosen=true
whError=0.13829787406382976, apError=0.8635366826495126, svError=0.15555555555555556, niError=1.0, chosen=false
negligible
