whError=0.1461538478615384, apError=0.5801373106347905, svError=0.05405405405405406, niError=1.0, chosen=false
whError=0.0454545473636363, apError=0.15792310458447378, svError=0.12380952380952381, niError=1.0, chosen=true
whError=0.5500000008999999, apError=0.861417202360137, svError=0.8888888888888888, niError=1.0, chosen=false
