whError=0.7206896557310345, apError=0.8770019587487718, svError=1.1111111111111112, niError=0.0, chosen=false
whError=0.026086958469565102, apError=0.17432976966241998, svError=0.05357142857142857, niError=1.0, chosen=true
negligible
