whError=0.04000000191999986, apError=0.07035841512253582, svError=0.04891304347826087, niError=1.0, chosen=true
whError=0.22142857298571417, apError=0.9573233688964167, svError=0.25688073394495414, niError=0.0, chosen=false
negligible
whError=0.465217392373913, apError=1.2212376664835318, svError=0.41463414634146345, niError=1.0, chosen=false
