whError=0.6522727279681817, apError=0.918343336854684, svError=1.3137254901960784, niError=0.0, chosen=false
whError=0.027184467965048476, apError=0.09180752598044517, svError=0.07784431137724551, niError=1.0, chosen=true
whError=0.3800000012399999, apError=0.8214812045290816, svError=0.4838709677419355, niError=1.0, chosen=false
