whError=0.2098591565098591, apError=0.9742710120063932, svError=0.03743315508021391, niError=0.0, chosen=false
whError=0.137500001725, apError=0.17458844220786385, svError=0.01932367149758454, niError=1.0, chosen=true
whError=0.7949367092708861, apError=0.9433150066051152, svError=0.5925925925925926, niError=0.0, chosen=false
