negligible
whError=0.01818182014545444, apError=0.18983033821500506, svError=0.1111111111111111, niError=1.0, chosen=true
whError=0.14909091079272718, apError=0.5879899916885889, svError=0.1794871794871795, niError=1.0, chosen=false
whError=0.5736842113789473, apError=0.6226969985590425, svError=0.1111111111111111, niError=1.0, chosen=false
