whError=0.06769230955692296, apError=0.1877566204850969, svError=0.0297029702970297, niError=1.0, chosen=true
whError=0.14117647230588226, apError=0.577147623047858, svError=0.1506849315068493, niError=1.0, chosen=false
whError=0.4486486497513513, apError=0.9919482486082354, svError=0.4117647058823529, niError=1.0, chosen=false
