whError=0.04705882543529416, apError=0.12872628728339475, svError=0.046296296296296294, niError=1.0, chosen=true
whError=0.16923077089230765, apError=0.5837257032764105, svError=0.19444444444444442, niError=1.0, chosen=false
negligible
