whError=0.009708739844660141, apError=0.10020778047218348, svError=0.06470588235294117, niError=1.0, chosen=true
whError=0.8090909094727272, apError=0.939103958241607, svError=0.6071428571428571, niError=0.0, chosen=false
whError=0.3789473696631578, apError=0.834612556334487, svError=0.5254237288135594, niError=1.0, chosen=false
