negligible
whError=0.021538463495384574, apError=0.11435298937325022, svError=0.17924528301886794, niError=1.0, chosen=true
whError=0.49729729830270264, apError=0.6466112879734209, svError=0.12903225806451613, niError=1.0, chosen=false
whError=0.17358490731320753, apError=0.5119390462643658, svError=0.2602739726027397, niError=1.0, chosen=false
